result_99_5

start: 15:53
done: 16:40


[0.8, 0, 0.6666666666666666, 1.0, 1.0, 0.8, 1.0, 0.8, 0.4, 0.5, 0.8, 1.0, 0.8, 0.6666666666666666, 0.8, 0.2, 0.8, 0.2, 1.0, 0.6, 1.0, 0.8, 0.6, 0.75, 0.4, 1.0, 0.6, 1.0, 1.0, 0.8, 1.0, 1.0, 1.0, 0.8, 0.8, 1.0, 0.4, 1.0, 1.0, 0.6, 0.8, 0.8, 1.0, 0.8, 0.8, 0.4, 0.4, 1.0, 0, 0.6, 0.4, 0.6, 1.0, 0, 0.0, 1.0, 1.0, 0.8, 0.8, 0.6666666666666666, 0.8, 0.8, 0.6, 0, 0.5, 0.4, 1.0, 0.5, 1.0, 0.8, 0.5, 1.0, 0.6666666666666666, 0.6666666666666666, 0.6, 1.0, 1.0, 1.0, 1.0, 0.3333333333333333, 0.6, 1.0, 0.6, 0.5, 0.6, 1.0, 0.6, 1.0, 0.4, 0.8, 1.0, 1.0, 0, 0.4, 0.5, 1.0, 1.0, 0.8, 0.8, 0.8, 1.0, 1.0, 0.6, 1.0, 0.8, 0.75, 0.2, 0.5, 0.6666666666666666, 1.0, 1.0, 0.8, 1.0, 0.4, 0.4, 0.8, 1.0, 0.8, 0.8, 0.5, 1.0, 0.8, 0.6666666666666666, 1.0, 0, 0.6, 0, 1.0, 0.6, 1.0, 1.0, 0.6, 0.75, 1.0, 0.6, 0.8, 0.4, 1.0, 0.3333333333333333, 1.0, 1.0, 0.8, 1.0, 0.8, 0.0, 0.3333333333333333, 1.0, 1.0, 1.0, 0.6, 1.0, 0.8, 0.8, 0.6, 0, 0.8, 1.0, 0.6, 0, 0.5, 0.4, 0.8, 1.0, 0.4, 1.0, 0.5, 0.4, 0.6, 0.6, 0.4, 0.5, 1.0, 0.8, 0.0, 1.0, 0.8, 1.0, 0, 1.0, 1.0, 1.0, 0.0, 0.5, 0.5, 0.8, 1.0, 1.0, 1.0, 0.8, 1.0, 0.8, 0.5, 1.0, 1.0, 0.8, 1.0, 0.8, 0, 0.8, 0.4, 0.6, 0.2, 1.0, 0.6666666666666666, 1.0, 1.0, 1.0, 0.6, 0, 0.2, 0.4, 0.0, 0.8, 1.0, 1.0, 0, 0.6, 0.75, 0.6, 0.6, 1.0, 0.2, 0.6, 0.6, 1.0, 1.0, 0.8, 0.75, 1.0, 1.0, 0, 1.0, 0.6666666666666666, 0.5, 0.8, 0, 0.6666666666666666, 0.6, 1.0, 1.0, 0.8, 1.0, 1.0, 0.8, 0.0, 0.2, 1.0, 1.0, 0.8, 1.0, 0.4, 1.0, 1.0, 0.75, 0.4, 0.5, 0.8, 0.8, 0.8, 0, 0, 0, 0.8, 0.6, 1.0, 1.0, 0.0, 0.4, 0.25, 1.0, 1.0, 0, 0.4, 1.0, 1.0, 0.2, 0, 0.25, 1.0, 1.0, 0.8, 1.0, 0.8, 0.2, 1.0, 0.6, 0.75, 0.4, 1.0, 1.0, 0.6, 1.0, 0.8, 0, 1.0, 0.6, 0.8, 1.0, 0.4, 0.8, 1.0, 0.3333333333333333, 1.0, 0.8, 0.0, 0.25, 1.0, 0.6, 0.4, 0.8, 0.4, 0.6, 0.8, 0, 0.8, 0.8, 0.3333333333333333, 1.0, 1.0, 0.6, 0.6666666666666666, 1.0, 0.8, 0.6, 0.75, 1.0, 0.8, 1.0, 0.8, 0.8, 1.0, 0.6, 0, 0.8, 0, 0.8, 0.2, 0.8, 0.4, 1.0, 1.0, 0, 0.0, 0.8, 1.0, 0.6666666666666666, 0.75, 1.0, 0.4, 0.6666666666666666, 0.8, 0, 1.0, 0.6, 1.0, 0.6, 0.8, 0.8, 0.8, 0, 0.4, 1.0, 0.0, 0.8, 0.0, 0.6, 1.0, 0.8, 1.0, 0.8, 0.8, 0.6666666666666666, 0.4, 0.8, 1.0, 0.6, 1.0, 0.4, 0.8, 0.6, 0.6, 0.8, 0.3333333333333333, 0.4, 0.4, 0.6, 0, 1.0, 1.0, 1.0]

0.684188034188
0.8 

99 % grad med 5 % intervall
